4 15 6212 2197 2610 5498 6344 4794 3928 6349 6360 6392 6424 2925 1597 3519 4657 
3 12 4657 6616 290 6693 2831 5576 163 3662 2570 6864 5198 5259 
3 14 7282 7246 4272 2482 7190 7144 7135 3735 7119 7118 648 7100 7045 5259 
4 11 6616 1297 4888 6646 3648 6601 2896 207 6651 6647 5401 
2 4 6537 964 6571 5401 
4 7 207 6705 772 6808 6859 6898 3553 
4 3 5072 6953 3553 
2 8 5072 4799 2649 7145 4894 204 7174 7186 
3 7 3662 6775 1205 4237 6698 6692 9271 
4 6 5072 7022 5556 7146 418 5032 
3 4 5032 3835 4371 7239 
3 9 5072 6974 6923 4357 6813 3125 6784 2353 6736 
2 8 7147 7161 4659 2142 4449 3149 7209 7239 
3 8 5032 7266 7319 7337 1733 2356 7466 619 
4 53 4440 2670 4956 4830 6167 6188 6204 840 6262 6288 5562 1128 2460 3889 5405 6561 6623 2880 6671 2385 6748 3684 3818 6802 6803 5552 1687 6834 6786 6787 6758 4862 6835 6876 6917 6959 6996 7036 2500 7092 7137 1660 2789 7255 2419 7332 7371 2665 1488 7489 7535 7594 3991 
3 19 4591 7326 7364 4193 7445 3855 7541 7512 7495 7490 7444 7470 5115 417 4692 931 7345 7341 7332 
2 2 7913 5270 
3 5 7092 7136 7165 3397 7178 
2 8 7147 7074 2606 6980 6933 6890 6844 6802 
3 4 6736 4771 511 6671 
1 13 5401 4795 1062 575 6425 4688 5209 6361 4968 1063 6332 4667 2611 
1 6 6246 6278 294 6331 2484 5209 
1 5 1581 4979 6279 2206 2611 
1 3 4126 4419 1209 
1 3 1209 1657 5074 
2 19 5074 8065 8129 3116 3108 8295 8325 8373 3755 187 8376 5554 8357 4394 592 2589 8409 8429 8388 
1 11 2631 8110 2251 4911 5179 2937 7880 7850 1268 4529 5558 
2 12 5074 7952 7894 826 7761 3772 2773 3381 1249 7468 4520 2361 
2 11 3772 7677 4743 5170 3325 7697 979 854 7762 5324 4529 
1 6 8046 8058 5575 4891 3605 7973 
1 5 5575 3343 4949 8311 4394 
2 6 2338 5770 3577 1100 5787 613 
1 3 613 965 4135 
2 6 5904 3578 3907 2388 5875 5459 
2 7 5459 5876 5878 3003 2199 5887 1489 
2 6 2388 5863 1111 5834 1832 2191 
1 7 1111 5846 355 4477 5387 1356 4742 
1 6 1489 5335 5883 2846 4087 3345 
1 5 6758 3394 6701 714 3951 
1 8 6996 5286 6955 1144 5394 7064 1586 5240 
1 9 5562 5532 3135 1576 6271 1080 6191 6157 3136 
1 6 5240 7075 635 5053 7159 4516 
1 5 635 2973 7009 3008 6956 
1 9 6956 1722 7014 6982 6945 3764 6793 6778 6753 
1 4 3764 6851 3287 6794 
1 4 5185 3376 8562 2110 
1 7 5185 1250 8416 4244 2402 1445 4101 
1 8 5185 564 8430 458 3462 939 8445 2900 
1 5 5185 564 2357 8319 3455 
2 6 8371 4233 5096 8412 1050 3077 
2 6 8549 8550 1493 8513 4987 4074 
3 3 4074 46 4336 
2 6 5362 3233 8309 8358 8394 3077 
1 5 8549 2252 8477 8439 3077 
1 5 8544 2749 8543 1115 4336 
1 6 8371 8368 8366 8342 1243 8287 
2 6 8595 3465 3346 1058 8402 8371 
1 3 3497 5342 8595 
1 8 5362 8202 2257 8206 8211 5431 8184 8180 
1 5 5362 8179 3427 4347 8160 
1 3 1243 8255 4054 
1 8 4383 4169 5081 758 5488 8085 4958 8184 
1 8 8543 3732 8455 8413 4519 8336 8289 5431 
3 5 167 2118 7008 2943 2560 
3 8 4827 4656 4988 2239 7208 2035 7089 167 
1 6 3574 6035 2689 2387 5208 2852 
1 5 3574 6067 4362 6127 2881 
3 5 4271 488 5800 3731 3886 
3 5 3886 5842 5329 2872 5826 
3 2 2697 3886 
1 7 6089 6092 5190 2228 4636 1185 6129 
1 8 6089 2464 4370 6050 3469 6003 5983 5986 
1 6 5459 1069 1134 5940 2573 5986 
1 15 6050 359 4011 4467 1741 6113 1596 6153 6165 1521 6137 2324 4033 6152 3136 
1 5 6999 118 7101 2542 3012 
1 6 7346 2415 7320 661 4728 7279 
1 6 6770 6756 4086 3245 3873 6595 
1 9 610 507 140 2234 1486 2027 5226 2432 6595 
1 7 2505 1021 6359 6440 2897 2437 6529 
3 4 3830 1967 1788 2788 
3 2 3830 3849 
2 6 3849 983 5341 362 5778 3953 
1 8 933 3020 3458 5824 5836 2218 5807 3953 
1 5 5652 2175 850 1218 4229 
1 4 5687 166 3825 2338 
1 12 4558 5656 183 3163 2554 2055 1276 1928 5641 5631 1936 5624 
1 6 5567 5951 585 4270 3688 424 
1 6 5567 2170 5885 5871 1405 933 
1 5 464 6711 1666 6605 2061 
1 6 7577 7553 4615 4475 7640 2765 
4 2 6187 6212 
1 4 561 8128 8961 213 
1 12 213 817 7776 1977 8028 930 2478 3931 1920 8913 4323 4649 
1 5 4649 4887 3224 8565 5390 
2 6 1916 4589 7835 2844 3029 4649 
1 4 2247 8482 3927 5390 
1 6 2844 2407 7695 2614 4463 4700 
1 4 4293 8895 410 571 
1 6 1973 901 713 1467 9196 571 
1 10 1973 901 713 1467 9166 2895 9099 1670 5015 9124 
1 6 1670 9077 21 9199 4421 9202 
1 6 9202 900 3730 9203 4708 9185 
1 4 9185 4557 4932 895 
1 4 4932 5410 2256 1103 
1 6 1677 3851 3320 777 2404 1103 
1 4 1677 8628 2024 8868 
1 3 8628 8894 8737 
1 5 8737 2545 988 313 3312 
1 3 988 4855 1442 
2 8 1708 3864 1236 7805 5173 8404 3798 3776 
1 4 1442 8810 1485 3403 
1 8 3312 3505 925 5456 4784 8632 5014 3776 
1 3 1236 5021 8660 
1 5 4784 7549 1053 4850 8660 
1 9 1973 133 710 7226 4723 2508 1730 1854 1053 
1 12 3403 5435 8911 3711 1825 295 266 9008 2124 1951 2069 1705 
1 6 9104 776 5452 8979 8983 3890 
1 7 3890 8790 9000 8991 5305 1324 259 
1 3 1324 8161 8680 
1 4 178 3374 9 3705 
1 3 9159 9168 2656 
1 6 2656 4564 712 800 1051 5574 
1 5 3705 940 3595 8845 4261 
1 4 3705 3437 1035 1474 
1 7 4261 1542 4573 3354 4575 2002 5592 
1 8 1474 3780 4005 3457 2761 9190 1483 4658 
1 4 8845 260 4641 861 
1 3 861 4303 1267 
1 6 1267 1642 3141 9184 2809 3686 
1 2 3686 9118 
1 2 9120 9118 
1 3 9120 209 9124 
1 5 2926 5916 2146 4822 436 
1 7 436 1221 6229 3234 3820 2260 8194 
3 2 178 4242 
1 8 9081 1213 9050 1344 8833 1879 8796 579 
1 3 9081 4230 2117 
1 5 9081 9093 3323 1480 3072 
1 2 2749 2536 
1 2 7858 4169 
1 2 8245 8287 
1 8 4383 5062 7661 7606 7554 725 7439 4827 
1 5 1243 2391 3086 4833 4451 
1 4 3136 5284 6061 2327 
1 8 2327 6011 4107 5458 1989 5135 4145 5350 
1 8 3951 643 6481 3441 6406 4300 3876 5182 
1 5 5182 6276 3322 1520 6165 
1 6 6753 6703 6654 55 3242 6528 
1 5 6528 6475 6427 5414 6374 
1 11 55 6638 4588 6655 1301 3718 6732 3967 6773 6760 4485 
1 7 2852 3016 5949 1472 4133 2343 2697 
1 9 3453 2173 6065 915 6054 1412 1818 6099 6083 
3 4 5628 5622 5612 3435 
2 2 5628 3264 
2 4 5628 1994 5642 332 
3 3 5622 1410 5625 
3 8 3435 1340 5601 1714 4669 190 1033 5595 
2 5 2788 356 5661 2060 332 
2 15 5362 8158 8084 4909 4009 7868 7804 3937 4845 7622 7573 5462 3628 5254 1345 
1 3 3628 4877 2301 
1 14 8160 2747 4465 8013 5093 2597 7984 2266 7910 7857 7866 5120 7834 1164 
1 5 4054 8125 8078 1897 2266 
1 4 1164 7783 7735 4216 
2 9 4383 4506 3742 3781 7746 4401 7727 1506 3937 
2 11 3937 7751 7785 5277 7774 4306 5103 7803 7819 3657 2266 
1 7 1345 7441 127 3672 7429 2839 3743 
1 7 2301 7509 7493 2450 5540 557 4256 
1 3 5359 2777 5800 
1 5 3743 3871 7317 7271 4758 
1 6 1704 6780 3023 3905 6716 4292 
1 4 2698 4836 4791 8410 
1 6 2698 29 1922 28 1161 8347 
1 6 2582 8631 2159 1087 8578 2698 
1 7 2400 4665 3827 4648 8584 8540 2698 
1 4 1161 431 2245 1536 
1 6 8763 8735 2976 4072 8777 8765 
1 4 8861 8822 5298 8763 
1 4 8763 4067 3078 858 
1 8 8886 1746 1387 8842 3178 8826 524 2079 
1 5 8820 8783 3545 4513 3959 
1 6 1969 185 8781 1022 5471 5265 
1 5 8781 8772 3466 8710 4504 
1 2 1351 4190 
1 6 81 5530 4175 3816 652 3947 
1 8 3947 3621 2779 7980 4277 1634 1934 8029 
1 5 1726 4772 7793 2993 7766 
1 5 1726 3115 7602 3190 7552 
1 5 7778 3058 7922 4955 5037 
1 4 8864 3181 8830 1696 
1 5 1696 4471 4496 8749 4411 
1 5 8883 1169 8922 8937 8957 
1 15 4293 229 1855 1291 369 3200 1843 2241 284 4204 2914 8858 398 3436 5390 
1 4 5878 3938 5855 3196 
1 7 3196 94 857 3548 5788 965 613 
3 2 7017 8292 
3 3 561 818 8292 
3 2 4242 6330 
3 2 6560 2926 
3 2 1317 2367 
3 2 2536 4857 
1 2 1708 1317 
1 5 2031 1210 39 1844 5639 
1 4 2031 5663 752 5661 
1 10 1164 3988 5489 1992 3877 7826 3111 759 7740 7684 
1 5 7826 1193 7963 8012 5281 
1 7 1110 4672 8157 8133 1602 4994 5281 
1 8 1110 3952 8069 8020 7989 7958 7898 4763 
1 14 4763 7809 7823 7838 3055 2676 7802 3910 2593 3240 7814 7822 7813 4992 
1 10 7814 7853 3723 3054 4587 2008 5455 8239 8286 4555 
1 7 4992 7856 7902 7962 7983 883 7997 
1 4 4494 3606 8364 4555 
1 7 7684 7653 7619 7564 7521 4476 7474 
1 6 7474 2757 7403 3281 7316 1178 
1 7 7474 7483 3502 829 7457 253 2095 
1 6 4992 7779 4055 1084 7637 7577 
1 5 7553 7498 7451 474 4825 
1 6 4494 2767 3389 8532 4610 8568 
1 6 4494 8501 8541 3797 8592 8618 
1 6 8883 878 3124 8839 8819 1696 
1 8 8794 324 1131 5423 2071 8666 8642 8618 
1 6 2095 4091 7321 1779 7189 4660 
1 4 4660 2585 222 3917 
1 3 222 348 7015 
1 5 7015 6962 1819 894 2708 
1 7 6962 6913 2701 4381 1273 2972 464 
1 3 4381 3414 4544 
1 5 4544 2885 2007 5364 4825 
1 5 8568 5268 2673 8650 8675 
1 6 4411 8705 8692 4019 160 8675 
1 6 8957 8951 8969 3668 8950 5220 
1 8 4710 1869 3121 9033 4706 3668 8950 5220 
1 5 1696 8764 2727 8739 8720 
1 5 8720 3439 3431 8674 3497 
1 5 4256 2580 7304 2261 5541 
1 6 2560 1159 6740 5429 6685 6731 
1 13 4411 8694 5036 3821 8602 1713 4778 83 2244 8338 8266 8182 4994 
1 6 8347 2965 8209 5400 5370 5037 
1 5 7778 7689 7609 7584 7552 
1 8 2400 8708 4965 5514 2626 2213 8852 8861 
1 6 858 3687 8558 8499 8471 4190 
1 9 1351 3831 8238 1548 8114 1892 4388 73 7766 
1 8 7778 7733 7657 7652 7617 2841 5111 3236 
1 5 3236 4998 7472 1647 7340 
1 4 7340 7305 1983 4320 
1 8 8410 531 8304 8272 8228 1237 5049 169 
1 7 169 7993 7953 1487 4480 7769 765 
1 5 765 7646 7597 4898 7480 
1 6 7480 3626 4374 4652 4291 4320 
1 6 4480 1436 7787 2383 4138 7812 
1 6 7812 2336 7758 5310 2600 7778 
1 12 4544 3920 2607 3936 7180 3518 7252 7286 7334 1245 7306 4652 
3 9 5795 1279 2191 724 4334 2609 5527 4111 965 
1 8 5541 5118 5326 7361 7372 7330 4823 1178 
1 8 6731 1141 283 1579 1771 1338 7187 4758 
1 3 3333 8196 8228 
1 4 3333 440 3641 5400 
1 10 81 7987 7937 1900 364 7872 4447 7891 7863 73 
1 7 3959 1866 1482 8657 8634 4943 2110 
1 8 1704 6771 2406 863 6730 1230 3037 6731 
1 4 3905 5128 268 3538 
1 3 3538 5468 6301 
1 4 6301 3790 4969 1316 
1 4 1316 6224 1712 6127 
1 4 5652 4915 700 1092 
1 6 5707 2518 5682 1433 2599 1092 
1 5 3241 5681 995 5665 1092 
1 5 4558 1416 5668 2817 3241 
1 2 5661 1094 
1 3 1788 309 4951 
1 5 5398 5648 386 1018 1094 
1 4 3350 5723 1822 4951 
1 7 424 3517 2006 4379 6036 2709 5144 
1 4 5624 874 4397 5637 
1 4 924 1116 2172 5637 
1 6 924 5653 1868 1907 634 5687 
1 7 5715 180 3762 2308 5724 1008 5709 
1 4 5709 257 5538 1857 
1 4 2308 5748 4262 5768 
1 7 1857 3736 1793 3814 181 4340 2172 
1 6 5986 5998 4524 6014 6030 4586 
1 6 4033 6108 4315 6058 478 4586 
1 4 5458 3973 5959 5938 
1 8 5904 5921 4183 2608 5960 657 2929 5938 
1 10 1178 3631 2855 392 3355 1469 3778 6807 2098 4292 
1 4 5639 206 5627 9229 
1 2 917 5723 
1 3 416 1318 5707 
1 5 5384 5774 1644 602 5762 
1 3 6050 946 4904 
1 2 6455 3441 
1 2 6187 6160 
1 2 588 5259 
1 11 207 617 2760 3956 6922 3769 2477 5304 3590 7158 4272 
1 9 6736 2962 292 4177 3110 3784 1522 6379 6361 
1 2 4876 7064 
1 2 6455 3441 
1 6 6701 6723 1537 4642 6715 6765 
1 6 6753 6738 4981 6772 6750 6702 
1 3 3876 795 5134 
1 4 5938 3971 5896 1807 
1 5 6765 811 3677 6792 6750 
1 4 4591 3707 5235 4516 
1 5 6374 6345 1042 3169 4053 
1 6 5182 1306 3559 2441 6373 4053 
1 4 6494 2774 6663 4485 
1 5 6494 4207 6516 510 6460 
1 5 6635 6593 4712 2139 6460 
1 4 6635 6664 6613 999 
1 7 6987 3039 876 893 1447 6706 999 
1 6 4395 1112 2901 1738 6706 999 
1 6 4395 6998 238 7108 3250 3012 
1 3 238 7084 7156 
1 4 6265 6215 3366 6129 
1 6 6265 6257 79 5100 6181 1117 
1 2 5190 6062 
1 4 999 6559 6520 388 
1 6 2505 6312 816 6313 4539 388 
1 4 6529 2037 2515 6435 
1 3 6435 4707 1486 
1 7 4748 7065 7157 3042 3327 5474 7346 
1 6 3012 7257 7291 3146 5474 7346 
1 5 4748 932 5252 4073 3245 
1 3 3566 3338 2268 
1 3 2268 6580 6529 
1 3 3566 6678 999 
1 5 6435 641 6318 3272 577 
1 5 610 6179 2278 2845 6083 
1 6 6083 6099 5308 340 6182 577 
1 5 3453 1619 3610 6161 913 
1 2 6281 913 
1 3 6281 2180 6313 
1 6 6129 4614 4286 6159 5485 913 
1 4 1117 6184 274 6089 
1 8 6494 223 3266 2734 6378 5127 2101 6265 
1 6 6374 6345 6315 6282 2390 6197 
1 5 6089 6098 3291 902 6197 
1 4 4904 6046 1692 4586 
1 4 5089 1444 1455 2327 
1 6 5089 2513 1322 4514 6045 4440 
1 7 1581 2447 6170 1572 6120 4010 4440 
1 7 2611 2417 1498 4148 6353 2392 5562 
2 8 5270 1368 2186 7749 7700 7719 3799 3991 
2 6 5270 3649 5082 2591 4050 7541 
1 7 6528 4750 6459 6484 4018 6491 6494 
1 5 5134 6314 1680 6256 6271 
1 10 6455 6430 6470 2082 6437 5434 6414 6387 3487 5562 
1 6 5384 351 5796 2942 224 3196 
1 2 166 5704 
1 5 4915 2863 620 5644 5638 
1 4 1416 1668 168 5638 
1 4 416 244 526 3350 
1 4 5398 1360 2103 4229 
1 3 5625 382 3445 
1 5 2677 5621 4403 5241 3445 
1 6 2991 5616 1146 2155 4618 332 
1 5 4167 618 216 2320 3953 
1 3 1884 2516 6083 
1 7 424 1618 3634 2066 2997 6022 1884 
1 5 6581 1968 6462 2764 2866 
1 4 2866 4964 6205 2948 
1 4 2948 975 6052 424 
1 4 5144 5978 1553 9251 
1 2 6008 1553 
1 11 1884 1484 3284 615 2132 62 688 5849 3254 5110 4167 
1 7 1969 3052 16 3763 4321 8684 3959 
1 6 1969 3052 8682 8656 191 3339 
1 4 8683 8696 8730 8765 
1 4 3178 4536 3812 8765 
1 6 858 8608 1457 3526 122 1536 
1 6 1892 2786 5478 2807 8143 3113 
1 6 3113 5406 2690 5525 8077 5037 
1 5 4244 1756 1173 4106 8284 
1 5 8029 8066 1040 2738 3455 
1 6 81 4651 5318 8186 8232 8284 
1 8 8794 2273 1682 576 8882 8903 2978 5220 
1 3 7493 7417 2337 
1 5 2337 4912 7198 4333 7105 
1 5 283 3160 1990 7051 7105 
1 5 3743 7405 1007 7439 4827 
1 5 2143 938 5569 4579 3355 
1 7 2143 4492 6783 2758 6691 2098 4292 
1 5 8683 1858 8617 188 4101 
1 6 8284 5521 8320 8291 1401 1351 
1 4 9274 2722 2491 3901 
1 7 2296 2236 2977 757 3757 6946 3901 
1 7 2296 6774 6721 2653 6614 4016 3983 
1 6 3983 2837 6507 6539 4840 1160 
1 5 1160 4114 6369 1659 121 
1 5 121 6201 529 3074 3385 
1 3 2061 6504 1265 
1 4 3114 6302 6236 5253 
1 4 4271 4582 1023 595 
1 12 8883 5317 970 288 8844 3288 8808 2956 8807 2227 4311 8794 
1 8 8675 8685 8691 1982 683 1131 324 8794 
1 9 8883 5317 2487 8829 138 49 2672 5537 8675 
1 5 2622 3612 2602 4833 4451 
1 5 4451 5383 4454 4616 8602 
1 7 3917 151 521 6710 846 6536 1723 
1 8 2143 5016 2986 5330 6823 5391 151 3917 
1 4 7973 7935 7879 7850 
1 7 416 4314 448 4117 385 1407 5762 
1 13 5107 5703 5162 4402 5763 343 5756 5765 4235 3197 3103 5734 1367 
1 4 2677 1790 2411 5638 
1 8 1732 6004 4874 1481 3256 4815 218 856 
1 5 856 5840 1189 5852 5857 
1 3 929 3591 2633 
1 7 143 6007 471 1661 4628 2964 5971 
1 3 5971 6013 918 
1 2 443 863 
1 4 815 1648 5465 6568 
1 5 5437 5287 3377 6543 6568 
1 5 2189 4474 4201 3198 2959 
1 5 2959 3600 172 1896 2449 
1 6 5011 2955 7035 1786 7007 4404 
1 3 3983 3447 2189 
1 5 3814 5666 4251 5674 634 
1 4 1907 4487 5535 2055 
1 30 579 8627 513 8677 3960 8715 3259 2220 3655 5231 456 7488 7200 680 442 4037 129 5312 4779 372 8261 5311 3034 13 361 1887 3026 3632 4041 2614 
1 13 528 971 9034 2225 541 1355 542 3204 2290 3581 9079 1466 4274 
1 4 1466 9035 944 9034 
1 12 541 2169 9067 1234 4917 1700 3514 5080 3925 5587 9027 4413 
1 3 1955 360 3310 
