1 67 
1 81 
1 121 
1 129 
1 143 
1 167 
1 178 
1 207 
1 213 
1 259 
1 283 
1 295 
1 332 
1 388 
1 416 
1 424 
1 436 
1 528 
1 541 
1 561 
1 571 
1 577 
1 594 
1 595 
1 613 
1 648 
1 685 
1 697 
1 815 
1 856 
1 858 
1 873 
1 913 
1 917 
1 918 
1 924 
1 929 
1 930 
1 933 
1 944 
1 963 
1 988 
1 999 
1 1046 
1 1092 
1 1094 
1 1103 
1 1110 
1 1111 
1 1117 
1 1160 
1 1178 
1 1188 
1 1238 
1 1265 
1 1316 
1 1351 
1 1442 
1 1467 
1 1489 
1 1542 
1 1581 
1 1600 
1 1650 
1 1670 
1 1677 
1 1696 
1 1700 
1 1704 
1 1705 
1 1723 
1 1725 
1 1726 
1 1732 
1 1775 
1 1807 
1 1857 
1 1879 
1 1884 
1 1887 
1 1892 
1 1916 
1 1969 
1 1973 
1 2008 
1 2031 
1 2055 
1 2079 
1 2095 
1 2117 
1 2143 
1 2189 
1 2191 
1 2238 
1 2241 
1 2247 
1 2268 
1 2296 
1 2316 
1 2327 
1 2337 
1 2338 
1 2367 
1 2400 
1 2405 
1 2446 
1 2508 
1 2536 
1 2560 
1 2582 
1 2611 
1 2622 
1 2633 
1 2656 
1 2683 
1 2697 
1 2765 
1 2788 
1 2839 
1 2852 
1 2866 
1 2881 
1 2948 
1 2959 
1 3053 
1 3077 
1 3110 
1 3113 
1 3114 
1 3136 
1 3153 
1 3196 
1 3206 
1 3236 
1 3241 
1 3259 
1 3264 
1 3312 
1 3333 
1 3345 
1 3350 
1 3355 
1 3381 
1 3390 
1 3403 
1 3435 
1 3445 
1 3453 
1 3455 
1 3497 
1 3538 
1 3566 
1 3574 
1 3632 
1 3662 
1 3705 
1 3764 
1 3769 
1 3772 
1 3776 
1 3785 
1 3810 
1 3814 
1 3830 
1 3851 
1 3917 
1 3947 
1 3951 
1 3953 
1 3959 
1 3960 
1 3976 
1 3983 
1 4005 
1 4009 
1 4053 
1 4074 
1 4101 
1 4135 
1 4167 
1 4183 
1 4229 
1 4242 
1 4271 
1 4272 
1 4274 
1 4292 
1 4293 
1 4306 
1 4315 
1 4320 
1 4336 
1 4394 
1 4395 
1 4401 
1 4404 
1 4411 
1 4413 
1 4440 
1 4451 
1 4485 
1 4494 
1 4504 
1 4516 
1 4555 
1 4558 
1 4586 
1 4649 
1 4660 
1 4700 
1 4742 
1 4748 
1 4758 
1 4763 
1 4784 
1 4801 
1 4825 
1 4827 
1 4876 
1 4904 
1 4932 
1 4951 
1 4992 
1 5011 
1 5032 
1 5037 
1 5058 
1 5072 
1 5074 
1 5089 
1 5115 
1 5124 
1 5134 
1 5179 
1 5182 
1 5185 
1 5231 
1 5240 
1 5253 
1 5265 
1 5270 
1 5281 
1 5329 
1 5350 
1 5359 
1 5362 
1 5384 
1 5398 
1 5401 
1 5431 
1 5437 
1 5458 
1 5459 
1 5467 
1 5562 
1 5565 
1 5567 
1 5574 
1 5575 
1 5592 
1 5594 
1 5600 
1 5624 
1 5625 
1 5628 
1 5637 
1 5638 
1 5639 
1 5652 
1 5658 
1 5687 
1 5707 
1 5709 
1 5715 
1 5762 
1 5768 
1 5794 
1 5795 
1 5857 
1 5875 
1 5904 
1 5928 
1 5938 
1 5971 
1 5986 
1 5987 
1 5988 
1 6002 
1 6050 
1 6062 
1 6073 
1 6083 
1 6089 
1 6129 
1 6165 
1 6187 
1 6197 
1 6212 
1 6238 
1 6265 
1 6271 
1 6281 
1 6297 
1 6301 
1 6330 
1 6361 
1 6363 
1 6374 
1 6435 
1 6455 
1 6460 
1 6494 
1 6528 
1 6529 
1 6560 
1 6568 
1 6581 
1 6595 
1 6616 
1 6635 
1 6671 
1 6702 
1 6731 
1 6736 
1 6753 
1 6758 
1 6765 
1 6770 
1 6802 
1 6818 
1 6956 
1 6987 
1 6996 
1 7015 
1 7017 
1 7092 
1 7105 
1 7200 
1 7239 
1 7252 
1 7332 
1 7340 
1 7474 
1 7493 
1 7541 
1 7552 
1 7577 
1 7684 
1 7766 
1 7778 
1 7802 
1 7812 
1 7858 
1 7973 
1 8029 
1 8046 
1 8160 
1 8245 
1 8261 
1 8284 
1 8347 
1 8371 
1 8388 
1 8543 
1 8595 
1 8627 
1 8660 
1 8675 
1 8680 
1 8683 
1 8720 
1 8737 
1 8763 
1 8765 
1 8820 
1 8845 
1 8861 
1 8864 
1 8868 
1 8883 
1 8886 
1 8911 
1 8957 
1 9081 
1 9118 
1 9124 
1 9159 
1 9185 
1 9199 
1 9202 
1 9239 
